NAME	= Channel Network
DESCRIPTION	= 
UNIT	= 
DATAFORMAT	= FLOAT
DATAFILE_OFFSET	= 0
BYTEORDER_BIG	= FALSE
TOPTOBOTTOM	= FALSE
POSITION_XMIN	= 9089424.0000000000
POSITION_YMIN	= -9535436.0000000000
CELLCOUNT_X	= 4099
CELLCOUNT_Y	= 7164
CELLSIZE	= 68.0000000000
Z_FACTOR	= 1.000000
Z_OFFSET	= 0.000000
NODATA_VALUE	= -99999.000000
